0.998 0.988
1.145 1.120
1.255 1.012
1.031 1.455
1.623 0.675
1.574 0.897
2.000 0.753
1.987 1.023
2.385 0.936
1.672 1.134
1.377 1.468
1.964 1.576
2.462 1.579
1.221 2.000
1.495 1.783
1.926 1.793
1.854 2.000
2.278 1.821
2.332 2.124
2.674 1.554
2.612 1.923
2.034 2.353
2.989 1.203
2.978 1.598
3.448 1.000
3.354 1.276
3.825 1.369
3.985 2.713
4.389 1.961
4.568 1.438
4.563 1.914
4.604 2.580
4.953 1.783
4.799 2.206
4.985 0.903
5.073 2.678
5.268 2.234
5.266 1.302
5.322 1.745
5.557 2.878
5.851 0.998
5.862 1.535
5.957 2.342
5.955 2.565
5.994 3.213
6.243 1.527
6.302 2.281
6.245 2.987
1.854 2.803
2.476 2.908
2.100 3.132
1.976 3.624
2.085 3.679
1.423 4.723
1.762 4.565
1.954 4.165
1.831 5.043
2.267 4.753
2.089 5.493
2.558 3.701
2.487 4.000
2.361 4.572
2.314 5.231
3.088 3.613
2.894 4.071
2.932 4.668
2.755 4.873
2.776 5.783
2.793 5.303
3.513 4.382
3.336 4.713
3.258 5.134
3.323 5.744
3.587 4.899
3.801 5.743
4.473 5.787
4.603 4.581
4.600 5.700
																																																																																																							